000001
000002
000009
000027
000039
000046
000060
000061
000063
000069
000100
000156
000157
000166
000333
000338
000402
000413
000415
000423
000425
000503
000538
000540
000559
000568
000623
000625
000630
000651
000686
000709
000712
000725
000728
000729
000738
000750
000768
000776
000778
000783
000792
000793
000800
000825
000826
000839
000858
000876
000883
000895
000898
000917
000963
000977
000999
001979
002007
002008
002024
002027
002065
002081
002129
002142
002146
002152
002153
002183
002195
002202
002230
002236
002241
002252
002292
002294
002304
002385
002399
002415
002422
002424
002450
002456
002465
002470
002475
002500
002568
002594
002673
002736
002739
300002
300003
300015
300017
300024
300027
300058
300059
300070
300085
300104
300124
300133
300144
300146
300168
300251
300315
600000
600005
600008
600009
600010
600011
600015
600016
600018
600019
600021
600022
600023
600027
600028
600029
600030
600031
600036
600037
600038
600048
600050
600060
600061
600066
600068
600074
600085
600089
600098
600100
600104
600109
600111
600115
600118
600150
600153
600157
600170
600177
600188
600196
600208
600221
600252
600256
600271
600276
600309
600317
600332
600340
600352
600362
600369
600372
600373
600376
600383
600398
600406
600415
600446
600485
600489
600518
600519
600535
600547
600570
600578
600582
600583
600585
600588
600600
600606
600637
600642
600648
600649
600660
600663
600666
600674
600685
600688
600690
600703
600704
600705
600718
600737
600739
600741
600783
600795
600804
600816
600820
600827
600837
600839
600863
600867
600871
600873
600875
600886
600887
600893
600895
600900
600958
600959
600998
600999
601006
601009
601016
601018
601021
601088
601098
601099
601106
601111
601117
601118
601166
601169
601179
601186
601198
601211
601216
601225
601258
601288
601318
601328
601333
601336
601377
601390
601398
601555
601600
601601
601607
601608
601618
601628
601633
601668
601669
601688
601718
601727
601766
601788
601800
601808
601818
601857
601866
601872
601888
601898
601899
601901
601919
601928
601933
601939
601958
601985
601988
601989
601991
601992
601998
603000
603885
603993
000011
000012
000016
000018
000019
000020
000022
000025
000026
000028
000029
000037
000045
000055
000056
000058
000418
000429
000488
000505
000521
000530
000539
000541
000550
000553
000570
000581
000596
000726
000761
000869
000024
000400
000401
000536
000562
000598
000629
000656
000718
000758
000831
000878
000937
000960
000961
000970
000983
002001
002038
002051
002106
002269
002310
002344
002353
002375
002400
002410
002416
002429
002570
002603
002653
600058
600062
600079
600096
600108
600123
600143
600166
600216
600219
600259
600267
600277
600315
600316
600348
600350
600395
600403
600436
600497
600498
600516
600546
600549
600597
600633
600655
600664
600717
600809
600832
600880
601139
601158
601168
601231
601238
601299
601666
601699
601918
601929
601969
603288
603699
