600016
600036
601318
601166
600000
000002
601328
600030
600837
601088
600519
000651
601288
601398
601601
000001
601668
600104
600048
600887
601169
600256
601939
601006
600111
000858
601818
000776
600900
600015
000157
600585
600028
600031
601857
000538
600050
600383
600011
600999
002024
601899
000423
600518
000895
600795
601628
600019
600547
000063
000100
600315
601688
601989
600535
601901
600276
000069
600489
600690
002304
000338
600309
601988
002236
601009
000792
000527
601117
600739
600362
000568
000983
000625
601788
600089
601377
002241
600348
000024
601299
600010
601699
002415
601186
002422
000725
000581
600085
000629
600066
002038
601111
000402
000783
002353
601766
601390
600196
601168
600406
000768
000425
601898
000623
600600
600009
000060
601669
600583
600029
601607
601633
600642
601998
000999
600143
600123
002142
601600
000630
000970
600005
600252
600660
600100
600150
002081
600177
601958
600068
600694
002106
000009
600352
600188
600369
000709
600804
000562
002146
600703
601618
601018
601808
000878
600655
002570
000012
000728
600153
600649
600637
000039
600741
002310
600881
002155
600674
002385
601992
600157
600875
600886
600108
600497
000758
601666
601888
002202
600340
000937
600832
600166
601333
000960
600062
600208
600415
600549
600115
601717
000729
600809
600027
000825
600811
600271
600718
600893
600118
600219
000422
600839
600376
002007
002001
600395
600316
600267
002500
600498
000401
000528
002594
002092
600997
600516
601106
601118
600216
000046
601933
600259
000933
600664
600827
601158
600372
000876
600160
600058
000800
600170
000898
000750
002405
600971
002073
600109
601179
000778
000061
601001
600125
600863
002375
000839
600588
002299
601866
601800
002344
601101
601928
600266
600895
002128
000969
600598
000869
601099
600169
600096
000686
601555
600770
600132
600221
600582
600779
600432
600550
600873
000718
600528
000807
600331
600859
601918
600970
601098
600508
002431
600037
000059
600022
601558
601369
002069
600456
000703
002673
600546
000961
000559
601336
002603
000780
000968
002122
002399
000596
600783
601258
601216
601233
002378
000883
601238
