601318
600036
600016
601766
600030
600837
601166
600000
000651
601668
000002
601989
600887
601390
600519
601328
000001
601818
601601
601988
601288
601398
000166
600637
002024
601688
601169
600104
000333
600048
000776
601006
600050
600999
600015
600900
600795
601186
600518
600010
601939
000063
600383
600570
601377
601628
601857
000783
601901
002415
601899
000100
300024
600109
600271
000768
600100
000725
600585
000858
600111
601336
000625
002450
600276
600804
600028
600011
600690
000503
600118
601018
002230
600089
601618
601669
000069
601727
601088
600150
600019
600588
600893
600739
600406
600031
600352
600705
000538
000157
600196
600415
600886
600703
300027
601555
002594
600177
600029
600256
002202
601600
601009
600535
000338
002065
000024
000061
002465
000728
300070
600839
600023
600221
000423
600066
002304
000402
002241
600153
000917
601933
300124
600009
600309
600068
601866
002456
000623
002081
600340
600674
000883
002129
600875
000060
600369
000686
600718
300017
002673
601607
600642
000009
600315
002008
000793
600060
000895
601800
600085
002236
600170
000826
601333
600867
600663
600252
600660
600018
600372
600583
601998
002500
600157
300003
000039
600115
600741
601117
600143
002153
600332
000559
601179
300058
002385
000413
600079
000629
000839
000425
600208
002353
000709
600489
601168
000581
600362
000831
002400
603000
000960
600655
601888
000792
000970
601098
600316
600547
600108
300251
601111
000738
000598
601633
002142
000800
000400
600688
002252
600600
600873
000825
002410
002470
002038
600863
600373
600027
000568
002007
000750
600498
600436
600827
000963
601258
000778
002422
601216
601928
601929
601808
000878
002310
600497
000729
002570
600633
000027
600166
601898
601958
002375
600038
000876
002344
000983
002292
601118
600549
600008
300015
601992
600348
000999
000898
300146
600516
000630
002001
300133
002475
002603
600783
600664
601699
600277
600058
600597
600267
002146
600649
600648
600880
002051
002294
002399
600578
603288
600998
002429
000401
600485
000937
600398
000869
601158
002653
000536
600188
600809
600395
601231
002416
601225
603993
000156
603699
