601318
600036
600016
600030
601166
600000
600837
000002
601328
601818
000651
601601
600519
601288
000001
601398
600104
600887
601668
601169
601006
601088
000776
601688
601939
600015
600048
600999
600900
601989
601901
600383
000333
002024
600585
000858
601377
601336
601390
600050
600111
000783
600089
601628
601857
000063
600028
000538
000625
000725
600011
600276
000562
601766
600690
600019
601009
600637
600795
600109
601299
600018
601186
600010
600739
600535
000100
002415
600150
600886
002450
600256
600518
000338
600196
600832
000157
000069
600406
601899
601988
000623
002304
000503
000728
002594
002241
600031
600309
000895
600340
000009
000768
000423
600804
601998
600221
600100
000402
600839
002202
600674
000024
601555
002230
601800
002142
600315
600703
600352
600009
600066
600660
002081
601669
600029
600271
600893
600741
000061
600208
000581
600867
000039
601018
600115
600177
601607
002456
600108
600705
601618
600252
600588
600332
000686
601168
601633
000831
002236
002008
000793
000629
600600
601991
601117
600583
600068
600489
000792
000970
600085
600415
600153
000883
600547
600718
002465
601600
000425
600372
000568
600362
002385
002065
600663
601933
600118
600827
002353
000709
600642
000917
000826
601333
002500
603000
000963
002038
000060
600369
600655
601888
601866
000400
002422
002252
600649
600079
600875
000778
600497
000598
000983
000012
601118
601179
600316
600549
601929
601808
000729
601111
002007
601098
600166
002400
601898
000750
601992
600157
600873
600143
601699
600863
002570
600027
600597
000800
600348
002129
600219
601958
000839
600060
600516
000876
000630
002410
600895
600648
000999
000878
002001
600170
600267
600008
600688
600498
601928
600880
000960
002051
002344
600376
600216
002475
600436
600664
002673
600188
002310
600062
601238
002375
002294
000758
000027
002146
600259
002470
000656
600123
601158
601666
002399
002106
000937
601216
000401
000413
601258
601918
600058
002292
000536
600783
600998
600546
002429
600809
600395
000718
600096
600023
002603
000869
000961
002653
600633
002269
601231
002416
601225
600277
601139
603699
600403
603993
000156
