601318
600016
601166
000002
600036
600000
600519
600030
601328
600837
601288
601169
601398
600887
000651
601766
601601
600900
601668
000333
601988
600104
000001
601688
601818
000858
601989
000725
600048
600015
300104
600276
600028
002024
000776
600999
600518
300059
600637
601377
002450
002304
601390
002415
601006
000166
002594
601628
601009
601857
601186
600050
000783
001979
601939
600111
000625
000538
000063
601985
300017
600011
600570
600585
601901
300027
600153
600010
000100
601899
601099
600795
002142
600271
000503
600690
601211
300024
601088
600100
002673
600893
600009
002230
601336
601555
600019
600066
600703
600705
002241
600383
601669
000423
600029
002202
600109
600535
600177
300070
002236
601727
600115
600369
600886
601600
600196
600089
600340
600649
000069
000895
601018
600547
601607
002456
600485
600804
002252
600660
000917
002385
002465
600867
600352
000728
002065
601788
002008
600739
600406
000768
600031
000338
600221
002736
600118
600085
600674
600741
600839
600958
601618
000157
000623
601111
000876
601998
300124
600415
601933
600309
002500
000568
000686
601888
000559
600663
300315
600018
601800
000009
600489
000793
600068
000750
601919
600583
600718
000963
002292
300003
600150
000826
000046
300058
600398
600315
000402
600895
002007
000413
600023
300144
002475
601106
000792
600157
601333
601866
600688
000425
600820
002081
600256
000060
600642
601238
300015
600873
600027
600060
600332
002422
600549
000415
601098
601718
600252
002038
000540
601991
600875
601198
000709
000983
601021
600005
000738
600373
000729
600588
600362
000831
000778
603993
601179
300133
002129
300251
601117
600208
000800
000061
000039
601992
300002
601872
000629
601633
000630
002739
600372
600827
000598
002470
603000
601216
600038
002353
600633
000883
600166
601225
600021
600863
000999
002410
601258
002146
000581
601898
000400
000712
002153
601958
600170
600959
601928
002294
600600
603288
300146
601699
600008
000027
002375
600717
601808
002195
000825
601608
000898
600648
600317
600783
002399
601118
600578
600998
000937
000539
601158
603885
600188
600350
601231
000156
601969
601016
