601318
600036
600016
600000
601166
000002
600030
601328
601766
600837
601398
600519
601668
601169
601988
601989
000651
600887
601818
601601
601288
600048
000001
300059
600900
600104
601390
601688
002024
600015
600276
000333
600518
601939
000776
002450
600050
600028
601006
600999
601186
000858
600637
300104
000166
601377
601628
000063
601857
002415
600795
601618
002673
000783
601901
000024
300024
601336
600011
300027
600010
600703
600705
000538
601919
601009
000625
601669
600585
601727
000100
601899
000768
601018
002230
000069
600570
300070
600111
600089
600383
600271
600100
300017
000725
600886
600690
002304
600153
000917
601088
600352
002594
600340
600009
600109
600066
601866
600196
600029
600019
002142
600118
002465
601788
600369
002202
000728
600893
600150
600115
600177
600804
000559
600415
600649
000423
000402
002241
000009
600031
000338
000503
600958
002736
600535
600674
002252
601106
000793
601099
601600
000157
000839
600839
600406
601998
002236
600221
600252
601111
600068
601800
600256
600023
600315
000623
600867
300124
300003
600660
600588
600583
601555
002008
600718
600663
601933
002310
600739
000895
601888
000876
000686
600085
000826
600398
000425
600309
300058
002500
000413
600018
601607
600642
002292
601098
002385
002065
002475
000039
000963
600741
000060
600027
000568
002146
000750
002456
600157
600875
600873
000046
601991
601333
300002
000778
002081
002153
600208
600373
000738
600332
601633
000630
600827
601117
002038
600863
600516
600489
601168
600005
000792
000581
601179
600688
300133
603000
000629
002410
601258
603993
000061
300251
600060
000598
600372
000709
600038
600170
000883
601021
002422
600547
601216
300015
002129
601928
601929
002470
002353
000712
002007
000970
600362
000800
000831
000027
601992
600783
600600
600108
000729
000400
601898
000999
600497
002375
601225
002294
600277
600633
600316
600008
600166
603288
000825
601808
000960
002051
300146
002344
000983
600317
600597
600717
601118
600348
000878
000898
002001
600549
600578
600648
601699
601958
002570
002399
000539
600998
601158
000937
600809
002653
600485
600188
000156
601231
601969
