601318
601166
600016
000002
600036
600519
601328
600000
600837
600030
601288
601169
600887
601668
000651
601398
601601
000333
600900
601766
600104
601988
601688
000858
600276
600048
000001
601818
601989
000725
600015
600028
600999
000776
600518
601390
002415
600050
300104
002450
002736
600958
002304
002024
300059
601939
001979
601006
000166
601009
601377
000783
601628
000063
601099
000538
000503
600795
601186
601857
601336
000625
600585
002673
601088
002142
601985
600637
002739
601899
601901
600547
000839
601555
002594
600690
600011
600705
300017
000423
600570
600066
002241
002456
601669
300070
600019
600010
600111
601211
600196
002230
600893
600649
600383
600535
000728
601727
600009
000413
300024
601198
600660
600029
000100
600109
600804
600115
600100
600703
000568
002202
000768
600340
600271
300027
600739
600068
000793
000338
600089
601607
000069
600309
600406
000895
600867
600031
000009
600886
601888
600023
600177
600489
601600
002252
002236
600221
600415
600352
600741
600369
601800
601618
600485
600816
601919
601788
000157
300124
002008
601018
000623
600674
002475
601111
002465
600153
600118
000540
601998
000686
300315
000917
000630
000963
600061
600718
000826
002081
600663
600085
601933
002065
002007
000402
000876
000559
000060
600018
600588
600208
002183
000046
600820
300003
600839
300168
600157
600583
002500
600074
600150
600446
000750
600332
002385
601333
600398
002422
603993
601106
300058
002292
600895
300144
000977
000792
000425
600642
600060
601216
300015
600256
000415
000709
601718
601098
601866
600688
600373
601225
601633
600170
300002
600252
600005
601258
000738
002152
600362
600027
600376
601898
600704
600737
002470
600873
601117
601991
600875
600037
601872
601179
601992
002129
000778
000729
002146
603000
000999
000061
601021
000039
600008
600372
600038
002027
600021
600827
300251
002294
002424
300133
300146
000883
000800
600863
000712
000825
002195
600600
601928
000898
000156
600959
000027
002153
601958
600582
600648
601118
600783
600998
601808
600871
601608
002399
600098
600685
600317
300085
600666
600578
600188
002568
600022
603885
600606
601016
